     0/299     4.71G   0.05787   0.01182  0.009733   0.07942        40       640    0.5904     0.129   0.05529   0.01939    0.1111  0.003972  0.009382
     1/299     6.09G   0.05714   0.01094  0.006203   0.07428        25       640   0.01759    0.1946   0.01576  0.006203    0.1015  0.008967  0.008181
     2/299     7.48G   0.06084   0.01165  0.006086   0.07857        33       640    0.6299    0.2392     0.101   0.03875    0.1108  0.004628   0.01571
     3/299     7.48G   0.05914    0.0118  0.005593   0.07654        43       640    0.5038    0.1179    0.0014 0.0001742     0.141    0.6067    0.2347
     4/299     7.48G   0.05339    0.0121  0.004944   0.07043        36       640   0.09527    0.1792   0.06297   0.01737    0.1049  0.005278  0.007942
     5/299     7.48G    0.0523   0.01213  0.005509   0.06994        39       640    0.6629     0.228    0.1172   0.03004    0.1017  0.005212  0.008284
     6/299     7.48G   0.05312   0.01172  0.005348   0.07019        26       640     0.668    0.2385    0.1436   0.06167    0.1033  0.005068  0.007845
     7/299     7.48G   0.05107   0.01177  0.004671   0.06751        31       640    0.1572    0.2476    0.1153   0.06372    0.1065  0.004915  0.007647
     8/299     7.48G   0.05197    0.0117  0.005203   0.06887        33       640    0.1046    0.2462   0.07577    0.0296    0.1033  0.006016  0.008413
     9/299     7.48G   0.05318   0.01171  0.005551   0.07044        30       640      0.67    0.2378    0.1262   0.03599   0.09962  0.005254  0.008068
    10/299     7.48G    0.0535   0.01145  0.005606   0.07056        39       640    0.7412    0.2385    0.1938    0.0774   0.09532   0.00516  0.008099
    11/299     7.48G   0.05185    0.0112  0.005425   0.06848        33       640    0.6905    0.2357    0.1534   0.06276   0.09413   0.00539    0.0079
    12/299     7.48G   0.05219   0.01114   0.00568   0.06901        27       640    0.7368    0.2483    0.1901   0.07124    0.0949  0.005545  0.008531
    13/299     7.48G   0.04964   0.01077  0.004813   0.06523        49       640    0.7669    0.2343    0.2148   0.09814    0.0955  0.005125   0.00783
    14/299     7.48G   0.04888   0.01049  0.004749   0.06411        35       640    0.6913    0.2517    0.1469   0.07133    0.1009  0.005257  0.008156
    15/299     7.48G      0.05   0.01032  0.005757   0.06607        38       640    0.7317    0.2615    0.2115   0.09094   0.09601  0.005341  0.007549
    16/299     7.48G    0.0499   0.01035  0.004736   0.06499        27       640      0.33    0.3383    0.2234   0.08949   0.09825  0.004858  0.007311
    17/299     7.48G   0.04965    0.0101   0.00481   0.06456        28       640    0.2508     0.249     0.189   0.08475   0.09394  0.005274  0.007948
    18/299     7.48G   0.05073  0.009911  0.005302   0.06594        31       640    0.5346    0.2923    0.2376    0.1033   0.09114  0.005041  0.007236
    19/299     7.48G   0.05062   0.00977  0.005137   0.06553        34       640    0.7743     0.258    0.2553    0.1241    0.0918  0.005027  0.007002
    20/299     7.48G   0.04807  0.009679  0.005226   0.06298        41       640    0.4495    0.2504    0.1983    0.0897    0.1016  0.004852  0.007292
    21/299     7.48G   0.04721  0.009479  0.004579   0.06127        26       640    0.4502    0.3313    0.2969     0.173   0.09184  0.004765  0.007104
    22/299     7.48G    0.0501  0.009341  0.004556   0.06399        27       640    0.2594    0.2735    0.1156   0.04647   0.09625   0.00516  0.007423
    23/299     7.48G    0.0465  0.009341  0.003899   0.05974        29       640    0.5271    0.2518    0.2364    0.1267   0.09529  0.004881  0.007421
    24/299     7.48G   0.04771    0.0094  0.004136   0.06125        37       640    0.3584    0.3831    0.1989   0.09133   0.09454  0.005297  0.007092
    25/299     7.48G   0.04657  0.009374  0.005332   0.06127        40       640    0.4825    0.3908    0.3372    0.1675   0.09331  0.004618  0.006956
    26/299     7.48G   0.04704  0.009152  0.004896   0.06109        29       640    0.5089    0.3005    0.2114    0.1002   0.09224  0.004821  0.007301
    27/299     7.48G   0.04838  0.009103  0.004355   0.06183        34       640    0.5587    0.3533    0.3262     0.188   0.09262  0.004731  0.007374
    28/299     7.48G   0.04482  0.009047  0.004928    0.0588        33       640     0.439    0.3768    0.3293     0.194   0.08861  0.004739  0.007363
    29/299     7.48G   0.04619  0.009006  0.004536   0.05973        25       640    0.4112     0.404    0.3315     0.175   0.08891  0.004991  0.007762
    30/299     7.48G   0.04546  0.009166   0.00423   0.05885        27       640    0.4619     0.341    0.3137    0.1862   0.08992  0.004674  0.007439
    31/299     7.48G   0.04458  0.009073  0.004577   0.05823        28       640    0.4488    0.3754    0.3196     0.165   0.08509  0.004899  0.007351
    32/299     7.48G   0.04595  0.008849  0.004737   0.05954        32       640    0.4854    0.3866     0.343    0.1892   0.08704  0.004613  0.007421
    33/299     7.48G   0.04528  0.009008  0.004821   0.05911        29       640    0.4355    0.3441    0.3438    0.1796   0.08402  0.004959  0.007423
    34/299     7.48G   0.04377  0.008892   0.00387   0.05653        26       640    0.4619     0.395    0.3437      0.18   0.08753  0.004776  0.007534
    35/299     7.48G   0.04315  0.008982  0.004388   0.05652        24       640     0.466    0.3158    0.3034    0.1738   0.08433  0.004987  0.007413
    36/299     7.48G    0.0431  0.009018  0.004505   0.05662        25       640    0.5932    0.3062    0.3418    0.1996   0.08352  0.004969  0.007542
    37/299     7.48G   0.04178  0.009094  0.004501   0.05537        51       640    0.5125    0.3439    0.3497    0.2137   0.08717  0.004588  0.007252
    38/299     7.48G   0.04171  0.008977    0.0041   0.05479        36       640    0.6315    0.3342    0.3709    0.2364   0.08451  0.004622   0.00742
    39/299     7.48G    0.0388  0.009029  0.003918   0.05175        38       640     0.487    0.3545    0.3708    0.2158   0.08367   0.00468  0.007417
    40/299     7.48G   0.04047  0.008736  0.003993    0.0532        34       640    0.5286    0.4142    0.3996    0.2528   0.08377  0.004632   0.00733
    41/299     7.48G   0.04138  0.008807  0.003939   0.05413        31       640    0.5866    0.3439    0.3516    0.2039   0.08638  0.004673  0.007618
    42/299     7.48G   0.04114  0.008857  0.004234   0.05423        32       640     0.488    0.4278    0.3863    0.2446   0.08616  0.004529  0.007923
    43/299     7.48G   0.04002  0.008793  0.003636   0.05245        41       640    0.5415    0.4173    0.4089    0.2597   0.08771  0.004521   0.00767
    44/299     7.48G   0.03913  0.008611  0.004025   0.05177        32       640    0.5361    0.3971    0.3972     0.256   0.08529   0.00437  0.007342
    45/299     7.48G   0.04106  0.008726  0.004386   0.05418        30       640    0.6377    0.3614    0.4005    0.2457   0.08403  0.004697  0.007702
    46/299     7.48G   0.04085  0.008706  0.004078   0.05363        35       640     0.475    0.4851    0.4171    0.2434   0.08398  0.004578    0.0077
    47/299     7.48G   0.03919   0.00881  0.004135   0.05213        37       640    0.4586    0.4418    0.4118    0.2482   0.08482  0.004632  0.008374
    48/299     7.48G   0.04025   0.00872  0.004433   0.05341        37       640    0.5192    0.4334    0.4195    0.2617   0.07629  0.004806  0.007497
    49/299     7.48G   0.03972  0.009174  0.004104     0.053        46       640     0.502    0.4017    0.4113    0.2432   0.07778  0.004752  0.007488
    50/299     7.48G   0.03754  0.008903  0.004345   0.05078        34       640     0.555    0.3859    0.3774    0.2481   0.07534  0.004714  0.007504
    51/299     7.48G   0.03898  0.008949  0.004032   0.05196        26       640    0.5031    0.3977    0.4007    0.2528   0.07494  0.004708  0.007491
    52/299     7.48G   0.03833  0.009043   0.00414   0.05151        33       640    0.6008      0.36    0.4009    0.2591   0.07484  0.004711  0.007523
    53/299     7.48G   0.03881  0.009161  0.004051   0.05203        20       640    0.6934    0.3613    0.4232    0.2679   0.07347  0.004737  0.007836
    54/299     7.48G   0.03903   0.00927  0.003592   0.05189        35       640    0.5294    0.4104    0.4156    0.2661   0.07231  0.004779   0.00809
    55/299     7.48G   0.03566  0.009126   0.00361    0.0484        39       640    0.4636    0.4033    0.4018    0.2513   0.07795  0.004554  0.008032
    56/299     7.48G   0.03543  0.008918  0.003809   0.04816        27       640    0.7172     0.383    0.4372     0.265   0.07214  0.004764  0.008176
    57/299     7.48G   0.03522  0.008961  0.003602   0.04778        31       640    0.5566    0.4414    0.4492    0.2726   0.07352  0.004665  0.007879
    58/299     7.48G   0.03643  0.009208  0.003695   0.04934        36       640    0.5889     0.402    0.4247    0.2806   0.07174  0.004684  0.008051
    59/299     7.48G   0.03552  0.008886  0.003954   0.04836        31       640    0.6049    0.4054    0.4271    0.2705   0.07171  0.004751  0.007728
    60/299     7.48G   0.03662  0.008963  0.003862   0.04944        25       640    0.5713    0.4047    0.4233     0.266    0.0733    0.0048  0.007463
    61/299     7.48G    0.0345   0.00882  0.003543   0.04687        33       640     0.633     0.358    0.3844    0.2394   0.07511  0.004718  0.007617
    62/299     7.48G   0.03406   0.00894  0.003522   0.04653        25       640    0.4382    0.4767    0.4158    0.2662     0.073  0.004735  0.007737
    63/299     7.48G   0.03658  0.008817  0.003834   0.04923        27       640    0.6061     0.388    0.4152     0.271   0.07406  0.004769  0.007832
    64/299     7.48G   0.03496  0.008709  0.004077   0.04774        26       640    0.5751    0.4446    0.4454    0.3014   0.07265  0.004593  0.007808
    65/299     7.48G   0.03385  0.008853   0.00319   0.04589        33       640    0.6574    0.3908    0.4296    0.2767    0.0727  0.004709  0.007758
    66/299     7.48G   0.03581  0.008997  0.003967   0.04878        19       640    0.6218    0.3733    0.3955    0.2477   0.07207   0.00491  0.007673
    67/299     7.48G    0.0346  0.008856  0.004059   0.04751        28       640    0.5156    0.4006     0.407    0.2624    0.0727  0.004767  0.008304
    68/299     7.48G   0.03571  0.009182    0.0038   0.04869        26       640    0.5971    0.4306    0.4341    0.2637    0.0719  0.004741  0.007825
    69/299     7.48G   0.03682   0.00901   0.00394   0.04977        29       640    0.5821    0.3838    0.4025    0.2462    0.0713  0.004867  0.008278
    70/299     7.48G   0.03602  0.008857  0.004052   0.04893        24       640    0.5293    0.4404    0.4377    0.2788   0.07344  0.004734  0.007847
    71/299     7.48G   0.03557  0.008936  0.003531   0.04804        31       640     0.546    0.4243    0.4237    0.2666   0.07261  0.004675  0.008177
    72/299     7.48G   0.03373  0.008642  0.003926    0.0463        47       640    0.5899     0.435    0.4542    0.2984   0.07222  0.004661  0.008265
    73/299     7.48G   0.03474  0.008892  0.003874    0.0475        26       640     0.615    0.3676    0.4294    0.2825   0.07339  0.004774  0.008427
    74/299     7.48G   0.03525  0.008645  0.003983   0.04788        46       640     0.447    0.4167    0.3834    0.2692   0.07441    0.0046  0.009304
    75/299     7.48G   0.03348  0.008653  0.003698   0.04583        34       640    0.5508    0.3824     0.419    0.2736   0.07173  0.004661  0.008233
    76/299     7.48G   0.03412  0.008836  0.003701   0.04666        35       640    0.7343    0.3562    0.4404    0.2703    0.0693  0.004619  0.007911
    77/299     7.48G    0.0338   0.00864  0.003555     0.046        36       640    0.4333     0.469    0.4298    0.2968   0.07067  0.004667  0.008239
    78/299     7.48G   0.03219  0.008547    0.0038   0.04453        44       640    0.5703     0.432    0.4391    0.2887   0.06932  0.004643  0.008503
    79/299     7.48G   0.03193  0.008581  0.003747   0.04426        37       640    0.6165    0.4271    0.4435    0.2858   0.07317  0.004492  0.008328
    80/299     7.48G   0.03228  0.008535  0.003144   0.04396        33       640    0.5265    0.4292    0.4233    0.2844   0.06921  0.004644  0.008549
    81/299     7.48G   0.03207  0.008715   0.00399   0.04477        25       640    0.5312    0.4194    0.4332    0.2864   0.06994  0.004556  0.008708
    82/299     7.48G   0.03251  0.008518   0.00337   0.04439        22       640    0.4913    0.4446    0.4203    0.2613   0.06919  0.004819  0.009577
    83/299     7.48G   0.03281  0.008629  0.004214   0.04565        23       640    0.5028    0.3762    0.3838    0.2391   0.07092  0.004801  0.009127
    84/299     7.48G   0.03213  0.008626  0.003571   0.04433        29       640    0.6151    0.3448    0.3879    0.2528   0.07026  0.004854  0.008635
    85/299     7.48G   0.03416  0.008624  0.003656   0.04644        26       640    0.4184    0.4215    0.3952    0.2583   0.06839  0.004916  0.008817
    86/299     7.48G   0.03412  0.008546  0.004084   0.04675        24       640    0.7258    0.3566    0.4152    0.2557    0.0684  0.004963  0.008905
    87/299     7.48G   0.03358  0.008503  0.003549   0.04563        30       640    0.5526    0.4083    0.4241    0.2839   0.06823  0.004682  0.008736
    88/299     7.48G   0.03238  0.008397  0.003428   0.04421        31       640    0.5277    0.4111    0.4186     0.267   0.06978  0.004697  0.008501
    89/299     7.48G   0.03454  0.008424  0.003719   0.04668        35       640    0.6391    0.3663    0.4367    0.2945   0.06745  0.004661  0.008624
    90/299     7.48G   0.03126  0.008413  0.003774   0.04345        32       640     0.561    0.4207    0.4419    0.2859   0.06947  0.004651  0.008036
    91/299     7.48G   0.03201  0.008373  0.003655   0.04404        29       640    0.5469    0.4313    0.4276    0.2862   0.07187  0.004553  0.008112
    92/299     7.48G   0.03367  0.008292  0.003183   0.04514        28       640    0.5481    0.4253    0.4493    0.2916   0.06924  0.004585  0.008322
    93/299     7.48G   0.03237  0.008221  0.003267   0.04386        28       640    0.5841    0.4203    0.4599    0.2981   0.06844  0.004581   0.00838
    94/299     7.48G   0.03281  0.008224  0.003562    0.0446        24       640    0.7184    0.3929    0.4684    0.2992   0.06857  0.004593   0.01005
    95/299     7.48G   0.03225  0.008458   0.00376   0.04447        24       640    0.7006    0.3912    0.4588    0.3009    0.0683  0.004632  0.008458
    96/299     7.48G   0.03432  0.008555  0.003793   0.04666        27       640    0.5795    0.4341    0.4689    0.3037   0.06838  0.004662   0.00831
    97/299     7.48G   0.03059  0.008275  0.003451   0.04231        39       640    0.7471    0.3866    0.4571    0.3123   0.06726  0.004688  0.008418
    98/299     7.48G    0.0327  0.008199  0.003263   0.04416        20       640    0.7433    0.3729    0.4437    0.3019   0.06785  0.004593  0.008585
    99/299     7.48G    0.0321   0.00836  0.003324   0.04378        34       640    0.5627    0.4607     0.484    0.3078   0.06766  0.004689  0.008619
   100/299     7.48G   0.03182  0.008167  0.003479   0.04346        31       640    0.5248    0.4436    0.4383    0.2858   0.06969  0.004714  0.008508
   101/299     7.48G   0.03212  0.008232  0.003422   0.04377        33       640    0.5155    0.4992    0.4641    0.3091   0.06975  0.004611  0.008542
   102/299     7.48G   0.03152  0.008216  0.003149   0.04289        23       640    0.4988    0.5276    0.4758     0.308   0.06854  0.004705  0.008606
   103/299     7.48G   0.03172  0.008333  0.002912   0.04297        40       640     0.636    0.3988     0.452    0.3012    0.0673  0.004653  0.008344
   104/299     7.48G   0.03245  0.008241  0.003483   0.04417        23       640    0.4763    0.4453    0.4431     0.297   0.06773  0.004587  0.008613
   105/299     7.48G   0.03213  0.008131  0.003538    0.0438        28       640    0.6789    0.3733    0.4493    0.3074   0.06705  0.004604  0.008835
   106/299     7.48G   0.03107  0.008175   0.00384   0.04309        28       640    0.6763    0.4038    0.4595     0.295   0.06728  0.004588  0.008484
   107/299     7.48G   0.03493  0.008312  0.003293   0.04654        42       640    0.6472    0.3566    0.4304     0.294   0.06838  0.004658  0.009182
   108/299     7.48G   0.03169  0.008224  0.003157   0.04307        51       640    0.7998    0.3985    0.4837    0.3193   0.06635   0.00462  0.008745
   109/299     7.48G   0.03233  0.008315  0.003607   0.04425        26       640    0.5524    0.4327    0.4598    0.2981    0.0654   0.00468   0.00863
   110/299     7.48G   0.03089  0.008206  0.003141   0.04224        34       640    0.6152    0.4186    0.4586    0.3058   0.06709   0.00463  0.009349
   111/299     7.48G   0.03095  0.008038  0.003196   0.04218        33       640    0.6195    0.4229    0.4614    0.3103   0.06633  0.004699   0.00908
   112/299     7.48G   0.03177  0.008175  0.003276   0.04322        33       640    0.7846      0.38    0.4728    0.3105   0.06627   0.00472  0.009053
   113/299     7.48G   0.03328  0.008072  0.002932   0.04429        21       640    0.5634    0.4401    0.4584    0.2835   0.06638  0.004761  0.009109
   114/299     7.48G   0.03117  0.007998  0.003109   0.04227        33       640    0.6121    0.4091    0.4525    0.2934   0.06444  0.004761  0.008786
   115/299     7.48G   0.03195  0.008211  0.003252   0.04341        31       640    0.5854    0.4053    0.4672    0.2986   0.06523  0.004648  0.008844
   116/299     7.48G   0.03067  0.008289  0.003343    0.0423        32       640     0.715    0.3815    0.4661    0.3068   0.06545  0.004649  0.009243
   117/299     7.48G   0.03302  0.008196  0.003288   0.04451        31       640     0.609    0.4012    0.4597    0.3095   0.06485  0.004663  0.009079
   118/299     7.48G   0.03167  0.008117  0.002938   0.04272        43       640    0.5481    0.4301    0.4596    0.3094   0.06685  0.004542  0.009357
   119/299     7.48G   0.03051  0.008233  0.003447   0.04219        30       640    0.4711    0.4984    0.4478    0.3066   0.06776  0.004486  0.009641
   120/299     7.48G   0.03117  0.008023  0.003368   0.04256        31       640    0.4678    0.4717    0.4436    0.3083   0.06705  0.004598  0.009534
   121/299     7.48G   0.03135  0.008018  0.003211   0.04257        33       640    0.5054    0.4397    0.4381    0.2973   0.06722  0.004647   0.00948
   122/299     7.48G   0.03153  0.008104  0.003343   0.04297        38       640    0.7377    0.3637    0.4593    0.2953   0.06617  0.004603  0.009188
   123/299     7.48G   0.03163  0.008067  0.003035   0.04273        35       640    0.5252     0.425    0.4513     0.316    0.0663  0.004593  0.009302
   124/299     7.48G   0.03211  0.008225  0.003353   0.04368        36       640    0.5727    0.4096    0.4581    0.3151   0.06606  0.004636  0.009286
   125/299     7.48G   0.03084  0.008214   0.00309   0.04215        34       640     0.563    0.4425    0.4714    0.3176   0.06678  0.004559  0.008832
   126/299     7.48G   0.03194  0.008184  0.003442   0.04357        39       640    0.5552     0.469    0.4731    0.3184   0.06776  0.004544  0.008782
   127/299     7.48G   0.03022  0.007996  0.003157   0.04137        34       640    0.5589    0.4376    0.4695     0.312   0.06717  0.004568  0.008874
   128/299     7.48G   0.03148  0.008108  0.003135   0.04273        32       640    0.5499    0.4453    0.4642    0.3116   0.06628  0.004628  0.009663
   129/299     7.48G    0.0297  0.008066  0.003155   0.04092        38       640    0.6205    0.4304    0.4796    0.3105   0.06613  0.004615  0.009805
   130/299     7.48G   0.02992   0.00803  0.002883   0.04083        36       640    0.5862    0.4508    0.4791    0.3108   0.06578  0.004638  0.009433
   131/299     7.48G   0.03041  0.008043  0.003078   0.04153        31       640    0.6273    0.4257    0.4878    0.3052   0.06592  0.004637  0.009236
   132/299     7.48G   0.03124  0.008113  0.003188   0.04254        30       640    0.5485    0.4586    0.4861    0.3084   0.06493  0.004665  0.009151
   133/299     7.48G   0.02849  0.007759  0.003417   0.03967        32       640    0.6025     0.453    0.4744    0.3061    0.0641  0.004716  0.009551
   134/299     7.48G   0.03007  0.007766   0.00291   0.04075        30       640     0.532    0.4928    0.4609    0.3006   0.06434  0.004696  0.009976
   135/299     7.48G   0.03167   0.00787  0.003248   0.04279        28       640    0.6418    0.4369    0.4522    0.3014   0.06469  0.004662  0.009561
   136/299     7.48G   0.03066  0.007988  0.003443   0.04209        27       640    0.5681    0.4612    0.4605    0.3069   0.06492  0.004645  0.009331
   137/299     7.48G   0.02956  0.008015  0.003519   0.04109        28       640    0.6615    0.4195    0.4447    0.3072   0.06536  0.004654  0.009082
   138/299     7.48G   0.02943  0.007929  0.003233   0.04059        21       640    0.5303    0.4991    0.4658    0.3183   0.06507  0.004625  0.009002
   139/299     7.48G    0.0296  0.007998  0.003692   0.04129        27       640    0.5685    0.4937    0.4832    0.3211   0.06532  0.004641  0.008981
   140/299     7.48G   0.03056   0.00776  0.002925   0.04124        38       640    0.5149    0.4893    0.4708    0.3208   0.06627  0.004621  0.009246
   141/299     7.48G   0.02941  0.007754  0.003482   0.04065        32       640     0.674    0.4142    0.4659    0.3137   0.06643  0.004569  0.009804
   142/299     7.48G   0.03132  0.007934     0.003   0.04225        33       640    0.5575    0.4556    0.4539    0.3081   0.06576  0.004605   0.01122
   143/299     7.48G    0.0288  0.007929  0.002996   0.03972        36       640    0.5783    0.4327    0.4596    0.3185   0.06586  0.004614   0.01135
   144/299     7.48G   0.03056  0.007931  0.002737   0.04123        38       640    0.5439    0.4688    0.4684     0.325   0.06593  0.004646  0.009744
   145/299     7.48G   0.02831  0.007786   0.00277   0.03886        31       640     0.609    0.4271    0.4785    0.3275   0.06544  0.004671  0.009674
   146/299     7.48G   0.02909  0.007882  0.003067   0.04004        34       640    0.5962    0.4593    0.4838    0.3308    0.0653  0.004679  0.009608
   147/299     7.48G   0.03098  0.007816  0.002784   0.04158        37       640     0.562    0.4774    0.4662    0.3196   0.06547  0.004655  0.009713
   148/299     7.48G   0.02994  0.007936  0.002603   0.04048        31       640    0.5814    0.4731    0.4634    0.3194   0.06479  0.004643  0.009731
   149/299     7.48G   0.02797  0.007832  0.002868   0.03867        34       640    0.6085    0.4648    0.4681    0.3187   0.06485  0.004625  0.009612
   150/299     7.48G   0.02994  0.007781  0.002892   0.04061        40       640    0.5887    0.4873    0.4717    0.3213   0.06483   0.00463  0.009365
   151/299     7.48G   0.02847  0.007432  0.002835   0.03873        33       640    0.6141    0.4747    0.4764    0.3217   0.06517  0.004586  0.009224
   152/299     7.48G   0.03089  0.007797  0.002888   0.04158        33       640    0.5711    0.4998    0.4864    0.3259   0.06521  0.004577   0.00918
   153/299     7.48G   0.02926  0.007794  0.003061   0.04012        32       640    0.5702    0.4914    0.4873    0.3316   0.06543  0.004583  0.009031
   154/299     7.48G   0.02864  0.007688  0.002672     0.039        22       640     0.617    0.4775    0.4843    0.3322   0.06537  0.004562  0.009283
   155/299     7.48G   0.02945  0.007791   0.00259   0.03983        24       640    0.5414    0.5137     0.487      0.33   0.06574  0.004534  0.009491
   156/299     7.48G    0.0295  0.007687  0.002832   0.04002        34       640    0.6457    0.4631    0.4728    0.3262   0.06562   0.00453  0.009677
   157/299     7.48G   0.02979  0.007757  0.003007   0.04055        33       640    0.6373    0.4844    0.4826    0.3298   0.06555  0.004528  0.009542
   158/299     7.48G   0.02861  0.007578  0.002931   0.03912        32       640    0.6684    0.4251    0.4673    0.3192   0.06519  0.004546  0.009481
   159/299     7.48G   0.02939  0.007733  0.002692   0.03982        29       640    0.6145    0.4717    0.4712    0.3255   0.06464  0.004579  0.009523
   160/299     7.48G   0.02898  0.007644   0.00264   0.03926        37       640    0.5848    0.4663    0.4627    0.3189   0.06472  0.004579  0.009761
   161/299     7.48G   0.03033  0.007604   0.00288   0.04081        28       640    0.6369    0.4237    0.4607    0.3217   0.06428  0.004598  0.009671
   162/299     7.48G   0.02863  0.007732   0.00272   0.03909        32       640    0.6749     0.416    0.4597    0.3201   0.06365  0.004637  0.009374
   163/299     7.48G   0.02967  0.007781  0.003036   0.04049        35       640    0.5614    0.4844    0.4574    0.3178   0.06294  0.004661  0.009285
   164/299     7.48G    0.0289  0.007635  0.003267    0.0398        24       640     0.572    0.4807    0.4707    0.3245   0.06286  0.004643   0.00932
   165/299     7.48G   0.02868   0.00767   0.00255    0.0389        26       640    0.6054    0.4432    0.4596    0.3235   0.06254  0.004645  0.009464
   166/299     7.48G   0.02983   0.00784  0.003067   0.04074        49       640    0.5676    0.4815    0.4547    0.3227   0.06248  0.004647  0.009447
   167/299     7.48G   0.02751  0.007628   0.00255   0.03769        39       640    0.5242    0.4628    0.4153    0.2885   0.06281  0.004734  0.009529
   168/299     7.48G   0.03041  0.007856  0.002954   0.04122        29       640      0.58    0.4517     0.438     0.302   0.06291  0.004724   0.00951
   169/299     7.48G   0.02936  0.007619  0.002754   0.03973        40       640    0.5823    0.4573    0.4398    0.3067   0.06271  0.004723  0.009565
   170/299     7.48G   0.02946  0.007772  0.002992   0.04022        27       640    0.5718    0.4571    0.4327    0.3014   0.06294  0.004714  0.009673
   171/299     7.48G   0.02977  0.007874  0.002586   0.04023        25       640    0.4874    0.4775    0.4162    0.2776   0.06339  0.004722  0.009778
   172/299     7.48G   0.02769  0.007426  0.002393   0.03751        29       640    0.4531    0.4677     0.366    0.2451   0.06369  0.004755  0.009778
   173/299     7.48G   0.02829  0.007566  0.002288   0.03814        33       640    0.5541    0.4154    0.3946    0.2586   0.06343  0.004753  0.009767
   174/299     7.48G   0.02767  0.007559  0.003027   0.03826        39       640    0.5547    0.5117    0.4856    0.3278   0.06264  0.004643   0.00973
   175/299     7.48G   0.02876  0.007611  0.002982   0.03935        23       640    0.5639    0.4898     0.476    0.3361   0.06272   0.00462  0.009849
   176/299     7.48G    0.0292  0.007514  0.002864   0.03957        39       640    0.6146     0.467     0.487    0.3383   0.06282  0.004614  0.009797
   177/299     7.48G   0.02873  0.007583  0.003106   0.03942        35       640    0.6009     0.473    0.4816    0.3345   0.06301  0.004603  0.009677
   178/299     7.48G   0.02815  0.007496  0.002417   0.03807        29       640    0.5367    0.5143    0.4829    0.3389    0.0629  0.004596  0.009509
   179/299     7.48G   0.02715  0.007383  0.002414   0.03695        24       640    0.5906    0.5048    0.4881     0.343     0.063  0.004599  0.009515
   180/299     7.48G   0.02839  0.007576  0.003027     0.039        29       640    0.6075    0.5145    0.4974    0.3429   0.06309  0.004599    0.0096
   181/299     7.48G   0.02842  0.007675  0.002741   0.03884        32       640    0.6203     0.497    0.4922    0.3367   0.06303    0.0046  0.009628
   182/299     7.48G   0.02865  0.007496  0.002637   0.03878        24       640    0.6196    0.4999    0.4858    0.3307   0.06285  0.004618  0.009505
   183/299     7.48G   0.02829  0.007633  0.003086   0.03901        27       640    0.5951    0.5097    0.4893    0.3271   0.06282  0.004628  0.009354
   184/299     7.48G   0.02891   0.00761  0.002705   0.03922        27       640    0.5757    0.5172    0.4835    0.3273   0.06274  0.004636  0.009323
   185/299     7.48G   0.02734  0.007701  0.002784   0.03783        23       640    0.5691     0.518    0.4779    0.3217    0.0626  0.004637  0.009234
   186/299     7.48G   0.02679  0.007453  0.002727   0.03697        32       640    0.5728    0.4809    0.4719    0.3238   0.06236  0.004646  0.009114
   187/299     7.48G   0.02624  0.007405  0.002483   0.03613        27       640    0.5446    0.5042    0.4681    0.3224   0.06228  0.004651  0.009142
   188/299     7.48G   0.02793  0.007501  0.002734   0.03817        38       640    0.5529    0.4966    0.4675    0.3217   0.06229  0.004645  0.009222
   189/299     7.48G   0.02684  0.007496  0.002328   0.03666        35       640    0.5691    0.4844    0.4744    0.3248   0.06227  0.004653  0.009351
   190/299     7.48G   0.02834  0.007584  0.002528   0.03846        35       640    0.5835    0.4809    0.4721    0.3204   0.06227  0.004645  0.009395
   191/299     7.48G   0.02688  0.007447  0.002553   0.03688        36       640    0.5641    0.4857    0.4743    0.3219    0.0623  0.004633  0.009357
   192/299     7.48G   0.02683  0.007407  0.002572   0.03681        32       640     0.596    0.4712    0.4699    0.3207   0.06234  0.004622  0.009402
   193/299     7.48G   0.02765  0.007512  0.002693   0.03785        21       640    0.5796    0.4795    0.4704    0.3192   0.06225  0.004617  0.009398
   194/299     7.48G   0.02734  0.007458  0.002368   0.03717        37       640    0.6046    0.4543    0.4638    0.3178   0.06216  0.004612  0.009379
   195/299     7.48G   0.02684  0.007302   0.00234   0.03648        36       640    0.6536    0.4342    0.4691    0.3207   0.06211  0.004613  0.009325
   196/299     7.48G   0.02766  0.007326   0.00257   0.03756        32       640     0.673    0.4319    0.4629    0.3186   0.06206  0.004622  0.009351
   197/299     7.48G   0.02662   0.00734  0.002586   0.03655        29       640    0.6731    0.4216    0.4666    0.3225   0.06197  0.004633  0.009314
   198/299     7.48G   0.02654  0.007352   0.00261    0.0365        31       640    0.6265    0.4411     0.465    0.3206   0.06198  0.004638  0.009292
   199/299     7.48G   0.02764  0.007257  0.002603    0.0375        31       640     0.628    0.4482    0.4664    0.3217   0.06182  0.004639  0.009336
   200/299     7.48G     0.028  0.007445  0.002776   0.03822        37       640    0.6425    0.4453    0.4679    0.3224    0.0618  0.004635  0.009386
   201/299     7.48G   0.02717  0.007373  0.002717   0.03726        23       640    0.6561    0.4436    0.4666    0.3232   0.06171  0.004647  0.009463
   202/299     7.48G   0.02618  0.007193  0.002596   0.03597        25       640    0.6497    0.4389    0.4643    0.3224    0.0616  0.004658  0.009563
   203/299     7.48G   0.02636  0.007265  0.002295   0.03592        35       640    0.6386    0.4418    0.4638    0.3219   0.06148  0.004678  0.009652
   204/299     7.48G   0.02614  0.007249  0.002948   0.03634        25       640    0.6349    0.4446    0.4624    0.3227   0.06143   0.00469  0.009662
   205/299     7.48G   0.02594  0.007158  0.002328   0.03543        33       640    0.6395    0.4421    0.4555    0.3225   0.06141  0.004699  0.009691
   206/299     7.48G   0.02544  0.007194  0.002142   0.03477        35       640    0.6787    0.4247    0.4515    0.3214   0.06131   0.00471  0.009732
   207/299     7.48G   0.02794  0.007404  0.002159   0.03751        31       640    0.6478    0.4425    0.4534    0.3225   0.06116  0.004711  0.009824
   208/299     7.48G   0.02715  0.007139   0.00213   0.03642        38       640    0.6417    0.4474    0.4528     0.323   0.06104  0.004713  0.009877
   209/299     7.48G   0.02606  0.007409   0.00259   0.03606        30       640    0.6516    0.4467    0.4526    0.3226   0.06092  0.004712  0.009864
   210/299     7.48G   0.02729  0.007429  0.002347   0.03706        31       640    0.6399    0.4495    0.4567    0.3249   0.06078  0.004716  0.009878
   211/299     7.48G   0.02684  0.007291  0.002374   0.03651        41       640     0.649    0.4593    0.4578    0.3261   0.06066   0.00472  0.009903
   212/299     7.48G   0.02619  0.007276  0.002291   0.03576        26       640     0.633    0.4641    0.4584    0.3255   0.06055  0.004723  0.009915
   213/299     7.48G   0.02694   0.00725  0.002017    0.0362        40       640    0.6237     0.457    0.4537    0.3224    0.0606  0.004723  0.009907
   214/299     7.48G   0.02735  0.007192  0.002326   0.03687        38       640    0.6226    0.4559    0.4563    0.3241   0.06061  0.004718  0.009939
   215/299     7.48G   0.02589  0.007378  0.002354   0.03562        38       640    0.5958    0.4614    0.4536    0.3242   0.06053  0.004717  0.009946
   216/299     7.48G   0.02565  0.007253  0.002118   0.03502        30       640    0.5843    0.4642    0.4575    0.3236   0.06047  0.004719   0.00994
   217/299     7.48G   0.02582  0.007261  0.002241   0.03532        29       640    0.5797    0.4684    0.4574    0.3237   0.06036  0.004724   0.00991
   218/299     7.48G   0.02507   0.00724   0.00235   0.03466        35       640    0.6176    0.4481     0.456    0.3233   0.06025  0.004724  0.009968
   219/299     7.48G   0.02574  0.007278   0.00215   0.03517        32       640    0.6694    0.4254    0.4554    0.3227   0.06019  0.004723   0.01004
   220/299     7.48G   0.02527  0.007108  0.002831   0.03521        38       640     0.622    0.4439    0.4529    0.3201   0.06017  0.004723   0.01005
   221/299     7.48G   0.02714  0.007276  0.002214   0.03663        23       640    0.6362    0.4425    0.4547    0.3204   0.06016  0.004727   0.01007
   222/299     7.48G   0.02667  0.007289  0.002055   0.03601        26       640    0.6414    0.4369    0.4529    0.3196   0.06014  0.004731   0.01013
   223/299     7.48G   0.02554  0.007119  0.001991   0.03465        29       640    0.6088    0.4446    0.4544    0.3195   0.06013  0.004733   0.01017
   224/299     7.48G   0.02686   0.00716  0.002318   0.03634        30       640    0.5884    0.4635    0.4555    0.3209    0.0601  0.004732   0.01022
   225/299     7.48G    0.0244   0.00689  0.002266   0.03355        30       640    0.5946    0.4627    0.4548    0.3216   0.06003  0.004733   0.01022
   226/299     7.48G   0.02592   0.00703  0.002259    0.0352        30       640    0.5914    0.4614     0.461    0.3224   0.05999  0.004736    0.0102
   227/299     7.48G   0.02469   0.00711   0.00225   0.03405        29       640    0.5914    0.4606    0.4639    0.3242   0.05993  0.004739   0.01022
   228/299     7.48G   0.02483   0.00697   0.00192   0.03372        32       640    0.5936    0.4544    0.4635    0.3243   0.05987  0.004741   0.01024
   229/299     7.48G   0.02702  0.007163   0.00224   0.03642        46       640    0.5893    0.4565      0.46    0.3206    0.0598   0.00474   0.01028
   230/299     7.48G   0.02503  0.006975  0.001958   0.03396        31       640    0.6426     0.429    0.4591    0.3211   0.05974  0.004738   0.01033
   231/299     7.48G   0.02488  0.007154   0.00195   0.03399        32       640    0.5588    0.4774     0.458    0.3205   0.05972  0.004739   0.01036
   232/299     7.48G   0.02409  0.007012  0.002003   0.03311        37       640    0.5662    0.4746    0.4584    0.3212   0.05966   0.00474   0.01039
   233/299     7.48G    0.0254  0.006965  0.002084   0.03445        31       640    0.5568    0.4753    0.4538    0.3198    0.0596  0.004741   0.01043
   234/299     7.48G   0.02457  0.006995   0.00223   0.03379        44       640    0.5623    0.4654    0.4524    0.3187   0.05954  0.004745   0.01048
   235/299     7.48G   0.02499  0.006875  0.002087   0.03395        37       640    0.6148    0.4334    0.4498    0.3211   0.05946  0.004747   0.01051
   236/299     7.48G   0.02404  0.007079  0.002121   0.03324        31       640    0.6204    0.4355    0.4498    0.3213   0.05937  0.004747   0.01055
   237/299     7.48G   0.02639  0.007011  0.002156   0.03556        31       640    0.5572    0.4661    0.4491    0.3215   0.05933  0.004745   0.01056
   238/299     7.48G   0.02534  0.006898   0.00206    0.0343        44       640    0.5784    0.4499    0.4497    0.3213    0.0593  0.004743   0.01056
   239/299     7.48G   0.02432  0.006949  0.002065   0.03333        31       640    0.5992    0.4467    0.4524    0.3199   0.05925  0.004743   0.01056
   240/299     7.48G   0.02578  0.006953  0.001995   0.03473        27       640    0.6056    0.4453    0.4516    0.3198   0.05919  0.004746   0.01055
   241/299     7.48G   0.02508  0.006979  0.001901   0.03396        29       640    0.6045     0.443    0.4513    0.3229   0.05911  0.004746   0.01055
   242/299     7.48G   0.02538  0.006939  0.002166   0.03449        22       640    0.6122    0.4411    0.4531    0.3233   0.05907  0.004746   0.01056
   243/299     7.48G   0.02447  0.006825  0.002093   0.03339        28       640    0.6114    0.4387    0.4516    0.3203   0.05905  0.004747   0.01058
   244/299     7.48G   0.02469  0.006976  0.002027   0.03369        25       640     0.524    0.5033    0.4524    0.3199   0.05903  0.004747   0.01058
   245/299     7.48G   0.02553  0.007086  0.001986    0.0346        38       640    0.5243    0.5018    0.4512    0.3213   0.05904  0.004748   0.01058
   246/299     7.48G   0.02514  0.006916  0.002037    0.0341        35       640    0.6118    0.4378    0.4515    0.3214   0.05903  0.004748   0.01058
   247/299     7.48G   0.02381  0.006797  0.002059   0.03266        28       640    0.6112    0.4383    0.4506    0.3209   0.05903  0.004746   0.01059
   248/299     7.48G   0.02585  0.006927  0.002303   0.03508        35       640    0.5204     0.502    0.4528    0.3207   0.05904  0.004746   0.01057
   249/299     7.48G   0.02321  0.006707  0.002144   0.03206        27       640    0.5215     0.503    0.4535    0.3209   0.05905  0.004748   0.01055
   250/299     7.48G   0.02501  0.006849   0.00212   0.03398        31       640    0.5212    0.5033    0.4522    0.3198   0.05903  0.004751   0.01053
   251/299     7.48G   0.02423  0.006879  0.001976   0.03308        34       640    0.5245    0.5026    0.4519    0.3206   0.05902  0.004753   0.01054
   252/299     7.48G   0.02267  0.006681  0.001905   0.03126        36       640    0.5293    0.5003    0.4528    0.3221   0.05901  0.004757   0.01056
   253/299     7.48G   0.02363  0.006713  0.002046   0.03239        28       640    0.5247    0.5009    0.4523    0.3207   0.05899  0.004758   0.01057
   254/299     7.48G   0.02428  0.006706   0.00199   0.03298        28       640    0.5258    0.5005    0.4517    0.3203     0.059  0.004758    0.0106
   255/299     7.48G   0.02488  0.006838  0.002198   0.03392        34       640    0.5267    0.5005    0.4522    0.3207   0.05901  0.004758    0.0106
   256/299     7.48G   0.02332   0.00676  0.002133   0.03221        29       640    0.5306    0.5005     0.452    0.3201     0.059  0.004758    0.0106
   257/299     7.48G   0.02532  0.006803  0.002135   0.03426        26       640    0.6404    0.4315    0.4548    0.3208     0.059   0.00476   0.01061
   258/299     7.48G   0.02484  0.006796  0.002147   0.03378        40       640    0.6429    0.4306     0.455    0.3217   0.05901   0.00476   0.01061
   259/299     7.48G    0.0231  0.006602  0.001932   0.03164        23       640    0.6423    0.4307    0.4565    0.3242   0.05902  0.004763   0.01061
   260/299     7.48G   0.02448  0.006734  0.001805   0.03302        27       640    0.5345    0.4998    0.4582    0.3251   0.05902  0.004763   0.01061
   261/299     7.48G   0.02335  0.006628  0.002164   0.03215        28       640    0.5349    0.4972    0.4572    0.3251   0.05903  0.004765   0.01061
   262/299     7.48G   0.02298  0.006659  0.002074   0.03171        34       640    0.5403    0.4977    0.4567     0.325   0.05903  0.004768    0.0106
   263/299     7.48G   0.02372  0.006775  0.001891   0.03239        32       640     0.543    0.4973    0.4571    0.3254   0.05902  0.004771    0.0106
   264/299     7.48G   0.02359  0.006598  0.002079   0.03226        33       640    0.5427    0.4967    0.4583    0.3243   0.05901  0.004772   0.01061
   265/299     7.48G    0.0248  0.006797  0.002071   0.03367        23       640    0.5372    0.4974    0.4551    0.3242   0.05901  0.004776   0.01061
   266/299     7.48G   0.02322  0.006606  0.001951   0.03178        30       640    0.5386    0.4976    0.4542    0.3244   0.05901  0.004777    0.0106
   267/299     7.48G   0.02398  0.006682  0.002168   0.03283        31       640    0.5333    0.4996    0.4545    0.3245   0.05901   0.00478   0.01059
   268/299     7.48G   0.02329  0.006675   0.00191   0.03188        32       640     0.534    0.4991     0.457    0.3257   0.05901   0.00478   0.01057
   269/299     7.48G   0.02452  0.006856  0.001847   0.03323        31       640     0.535    0.4992    0.4569    0.3265   0.05901  0.004781   0.01055
   270/299     7.48G    0.0233  0.006577  0.001761   0.03164        40       640    0.5329    0.5012    0.4566    0.3266     0.059  0.004784   0.01055
   271/299     7.48G   0.02457  0.006691  0.001859   0.03312        29       640    0.5336    0.5012    0.4563    0.3258   0.05899  0.004786   0.01054
   272/299     7.48G   0.02346  0.006618  0.002168   0.03224        34       640    0.5339    0.5005    0.4562    0.3263   0.05897  0.004788   0.01055
   273/299     7.48G   0.02311  0.006636  0.002151    0.0319        40       640    0.5318       0.5    0.4557     0.327   0.05896   0.00479   0.01056
   274/299     7.48G   0.02472   0.00663  0.001769   0.03312        24       640    0.5252    0.5033    0.4564    0.3272   0.05897  0.004791   0.01056
   275/299     7.48G   0.02381  0.006598  0.001819   0.03223        32       640    0.5579    0.4715    0.4598    0.3278   0.05897  0.004793   0.01056
   276/299     7.48G   0.02317  0.006494  0.001916   0.03158        29       640    0.5579    0.4749    0.4609    0.3285   0.05895  0.004794   0.01055
   277/299     7.48G   0.02346  0.006658  0.002077   0.03219        31       640    0.5503    0.4771    0.4605    0.3285   0.05894  0.004796   0.01054
   278/299     7.48G   0.02335  0.006536  0.001977   0.03187        32       640    0.5406    0.4795    0.4602    0.3286   0.05893  0.004798   0.01054
   279/299     7.48G   0.02428  0.006558  0.002119   0.03295        33       640    0.5192    0.4955    0.4589    0.3293   0.05892  0.004799   0.01053
   280/299     7.48G   0.02304  0.006542  0.001624    0.0312        38       640    0.5179    0.4958    0.4591    0.3307   0.05891  0.004801   0.01053
   281/299     7.48G   0.02314  0.006619  0.001685   0.03144        30       640    0.5511    0.4663    0.4592    0.3317   0.05891  0.004803   0.01053
   282/299     7.48G   0.02299  0.006601  0.001919   0.03151        35       640    0.5518     0.467    0.4582    0.3313   0.05889  0.004804   0.01053
   283/299     7.48G   0.02327  0.006558  0.001779   0.03161        47       640    0.5522     0.467    0.4573    0.3312   0.05888  0.004807   0.01053
   284/299     7.48G   0.02285  0.006542  0.001759   0.03115        40       640    0.5512     0.467    0.4569    0.3309   0.05886  0.004807   0.01054
   285/299     7.48G   0.02373  0.006552  0.001983   0.03227        32       640    0.6004    0.4397    0.4585    0.3311   0.05884   0.00481   0.01054
   286/299     7.48G   0.02246  0.006533  0.001782   0.03078        32       640    0.5994     0.439    0.4562    0.3313   0.05882  0.004811   0.01055
   287/299     7.48G   0.02264  0.006314  0.001687   0.03064        25       640    0.5997    0.4395    0.4576    0.3319    0.0588  0.004815   0.01056
   288/299     7.48G   0.02353   0.00659  0.001768   0.03189        28       640     0.598    0.4397    0.4596    0.3345   0.05879  0.004816   0.01056
   289/299     7.48G   0.02329    0.0065  0.001817   0.03161        41       640    0.5987    0.4396    0.4584    0.3351   0.05877  0.004817   0.01056
   290/299     7.48G   0.02354  0.006616  0.001737    0.0319        45       640    0.5981    0.4393    0.4541    0.3345   0.05876  0.004819   0.01057
   291/299     7.48G   0.02282  0.006412  0.001836   0.03106        24       640    0.5986    0.4394    0.4542    0.3351   0.05875  0.004821   0.01057
   292/299     7.48G   0.02291  0.006455  0.001913   0.03128        29       640    0.5987    0.4402    0.4539    0.3352   0.05874  0.004822   0.01057
   293/299     7.48G    0.0229  0.006491  0.001791   0.03118        21       640     0.594    0.4403    0.4527    0.3344   0.05872  0.004826   0.01058
   294/299     7.48G   0.02268  0.006324  0.001661   0.03067        32       640    0.5424    0.4719    0.4556    0.3349   0.05871  0.004826   0.01059
   295/299     7.48G   0.02332  0.006437  0.001578   0.03134        36       640    0.5451    0.4702    0.4557    0.3352    0.0587  0.004828    0.0106
   296/299     7.48G   0.02351  0.006439  0.001547    0.0315        32       640    0.5445    0.4709    0.4554     0.335   0.05868   0.00483   0.01061
   297/299     7.48G   0.02127  0.006378   0.00201   0.02966        28       640    0.5426    0.4718    0.4555    0.3351   0.05867  0.004831   0.01062
   298/299     7.48G   0.02154  0.006312  0.001767   0.02962        35       640    0.5489    0.4689    0.4554    0.3357   0.05865  0.004831   0.01064
   299/299     7.48G   0.02246  0.006463  0.001799   0.03072        43       640    0.5527     0.466    0.4549    0.3357   0.05864  0.004834   0.01064
